214328887 0.3027476992270915
34428380 0.30982633248240116
17116707 0.29855015747004343
28465635 0.2756215053763441
380580781 0.2747423299205982
18996905 0.21860842748758255
221036078 0.2704292635168211
153460275 0.22028573000027502
107830991 0.2970059325176122
17868918 0.281476210555907
151338729 0.33579618101406444
222261763 0.3219877399256356
19705747 0.2382620205535478
88323281 0.28806595461574425
19933035 0.21750434452047357
149538028 0.2805593499352037
158419434 0.2929650354765562
17434613 0.25001950777970255
153226312 0.32380346026356216
364971269 0.2904948412482547
100581193 0.36729944746314513
279787626 0.32812083973374295
113058991 0.31377675930822413
69592091 0.3109448390978611
187773078 0.32380346026356216
406628822 0.28854847715278903
262802533 0.269161626344086
460282402 0.2269610551517985
280935165 0.33645203293010756
437804658 0.2924676415283787
27633075 0.2773968451855315
285312927 0.2633997566669955
131613362 0.29147790331677675
17675120 0.24750494376467683
394263193 0.28951838800036145
254839786 0.30011052414671613
204317520 0.3103845781265136
21548772 0.2778442594519598
67864340 0.29497164530858744
172883064 0.3126378237027496
270449528 0.2773968451855315
297801196 0.27128100922868514
8088112 0.2819368917515795
14925700 0.2567264394340016
124528830 0.2909855419936065
307458983 0.30982633248240116
160237722 0.258653815105428
220368467 0.2871057347670251
54228724 0.2214183044475772
206923844 0.3219877399256356
103598216 0.30011052414671613
207594668 0.008064516129032258
21146135 0.012096774193548387
451250774 0.2970059325176122
314316607 0.31900637196336123
6581292 0.3006342772429582
31331740 0.33191414423933535
196327549 0.2861518951166363
225444667 0.2805593499352037
274153775 0.29906847371565115
35415466 0.22846610193662475
72818790 0.30489104577029214
324201646 0.23373601202200145
40981798 0.30816357935637756
430268163 0.2426245645918522
88097807 0.2875850431723123
276308596 0.3184167113867192
358775055 0.3262565167807103
15023872 0.2610052134245683
16870853 0.21214709465543727
70492333 0.2614012759639075
430313102 0.2544511681834787
299715516 0.2017136309838584
35359596 0.22170327009036686
276577539 0.2679058178230405
248883350 0.28239908337740177
157829215 0.3231959490810789
107511013 0.23091614056329096
22462180 0.24538951689489324
258140947 0.3027476992270915
200559228 0.2929650354765562
19493072 0.321387016530252
123371682 0.264207731380698
461410856 0.31900637196336123
31414569 0.2970059325176122
37699718 0.29000579269396476
117901353 0.2321609715097238
117674417 0.29000579269396476
231238695 0.2700053931978293
56860418 0.2875850431723123
43003845 0.2970059325176122
413275344 0.26259670862837664
259842341 0.2929650354765562
400689940 0.2629976196339161
26929220 0.3126378237027496
35148062 0.24750494376467683
166214735 0.23029871772756025
57490887 0.2533285895003163
148519842 0.23992122682481207
15150609 0.22606750769057093
17759158 0.29497164530858744
83943787 0.28854847715278903
283306479 0.2782931193218337
125120339 0.26380312536020684
220068522 0.2610052134245683
155661154 0.2787434318126457
195475105 0.3006342772429582
134940306 0.31377675930822413
115221382 0.22313917209872416
368018677 0.22488699851203012
439788025 0.28567734802689065
262340283 0.21059100349659543
116498875 0.25558374014868707
257236842 0.2782931193218337
128721580 0.20556496522698695
463952369 0.33514288105100204
254610699 0.18443623218438443
247741328 0.2272604760688853
226629405 0.27256873553831495
529007327 0.23892294155369634
94621855 0.23184850721428674
83417972 0.2621970180520777
236184723 0.307613287250384
197504076 0.283794795486351
86221475 0.2582660282761845
222411742 0.2679058178230405
250178329 0.23469133632181888
292598082 0.24573957326706858
145845459 0.25482757523700456
29911100 0.3109448390978611
294752666 0.25558374014868707
27077521 0.24786106598592095
163238842 0.2482182144959871
133055665 0.31377675930822413
238201669 0.24929586231579604
260769396 0.19575391006842618
288485704 0.22606750769057093
229425177 0.21805498843065196
252770012 0.24194303491603236
121533789 0.28473296009952903
203338499 0.2866280213980284
213777144 0.19575391006842618
46209291 0.24893560817950156
46831674 0.19800395501174145
18951737 0.21267091464224083
239144776 0.24750494376467683
8163442 0.21319732779729586
28019653 0.17470937206918363
447688115 0.28239908337740177
16503181 0.23373601202200145
109740608 0.23373601202200145
116036694 0.2382620205535478
179138862 0.21559879957473727
276706356 0.22968458781362008
236143101 0.2266624221844935
333161611 0.25407587147524346
19358562 0.2852043722851243
226165839 0.008064516129032258
33612973 0.012096774193548387
37270037 0.2567264394340016
49104918 0.24434530618470218
83032174 0.17722576220186734
55033682 0.21695647463503157
170460311 0.23695108784073599
152388029 0.25407587147524346
112939321 0.20729655939857408
265077741 0.2422833204785022
261447035 0.22488699851203012
120599128 0.16692193881803785
186212304 0.010752688172043012
57828817 0.007168458781362007
250340951 0.2272604760688853
59588845 0.22198897018068953
2367911 0.2594328928617697
74107696 0.2687417174106319
477094958 0.18443623218438443
233248636 0.21452483295169994
86799233 0.20880417073965463
17627996 0.20290157934065378
30971165 0.25787940248535185
271602109 0.15491316624120058
81446304 0.17832654333355596
282206645 0.22371875436391567
31317273 0.007168458781362007
204140367 0.2674898150003339
189875309 0.19800395501174145
170167167 0.15491316624120058
